#                                                                            --- full sequence --- -------------- this domain -------------   hmm coord   ali coord   env coord
# target name        accession   tlen query name           accession   qlen   E-value  score  bias   #  of  c-Evalue  i-Evalue  score  bias  from    to  from    to  from    to  acc description of target
#------------------- ---------- ----- -------------------- ---------- ----- --------- ------ ----- --- --- --------- --------- ------ ----- ----- ----- ----- ----- ----- ----- ---- ---------------------
RSGAB00341:1-1770    -            590 1036075at2           -            356   7.4e-83  276.5  21.4   1   5   1.3e-27   1.2e-24   85.1   2.2     1    73    16   106    16   111 0.88 RSGAB00341_1 # 1 # 1770 # 1 # ID=3694_1;partial=11;start_type=Edge;rbs_motif=None;rbs_spacer=None;gc_cont=0.500
RSGAB00341:1-1770    -            590 1036075at2           -            356   7.4e-83  276.5  21.4   2   5   1.6e-17   1.5e-14   51.8   5.1    73   155   124   230   118   284 0.78 RSGAB00341_1 # 1 # 1770 # 1 # ID=3694_1;partial=11;start_type=Edge;rbs_motif=None;rbs_spacer=None;gc_cont=0.500
RSGAB00341:1-1770    -            590 1036075at2           -            356   7.4e-83  276.5  21.4   3   5     0.015        14    2.6   0.0   191   212   328   349   313   356 0.86 RSGAB00341_1 # 1 # 1770 # 1 # ID=3694_1;partial=11;start_type=Edge;rbs_motif=None;rbs_spacer=None;gc_cont=0.500
RSGAB00341:1-1770    -            590 1036075at2           -            356   7.4e-83  276.5  21.4   4   5   1.4e-22   1.3e-19   68.5   0.0   210   280   377   466   368   488 0.89 RSGAB00341_1 # 1 # 1770 # 1 # ID=3694_1;partial=11;start_type=Edge;rbs_motif=None;rbs_spacer=None;gc_cont=0.500
RSGAB00341:1-1770    -            590 1036075at2           -            356   7.4e-83  276.5  21.4   5   5   1.3e-22   1.2e-19   68.6   0.2   285   356   504   584   497   584 0.87 RSGAB00341_1 # 1 # 1770 # 1 # ID=3694_1;partial=11;start_type=Edge;rbs_motif=None;rbs_spacer=None;gc_cont=0.500
RSGAB00048:1-474     -            158 1036075at2           -            356   0.00014   19.1   3.7   1   1   8.3e-07   0.00076   16.6   3.7     2    61    31   105    30   157 0.70 RSGAB00048_1 # 1 # 474 # 1 # ID=3546_1;partial=11;start_type=Edge;rbs_motif=None;rbs_spacer=None;gc_cont=0.323
RSGAB03556:1-1977    -            659 1036075at2           -            356     0.001   16.2   0.8   1   1   2.3e-06    0.0021   15.2   0.8   103   154   608   656   567   658 0.77 RSGAB03556_1 # 1 # 1977 # 1 # ID=160_1;partial=11;start_type=Edge;rbs_motif=None;rbs_spacer=None;gc_cont=0.530
RSGAB03032:1-546     -            182 1036075at2           -            356    0.0018   15.3   0.1   1   1   3.2e-06     0.003   14.6   0.1   122   156   140   173   130   175 0.86 RSGAB03032_1 # 1 # 546 # 1 # ID=472_1;partial=11;start_type=Edge;rbs_motif=None;rbs_spacer=None;gc_cont=0.482
#
# Program:         hmmsearch
# Version:         3.1b2 (February 2015)
# Pipeline mode:   SEARCH
# Query file:      /home/sbraganza/projects/geobacillus_pangenome/geobacillus_thermodenitrificans_pangenome/prepped_fasta/busco_downloads/lineages/bacteria_odb10/hmms/1036075at2.hmm
# Target file:     BUSCO/cnambio1/prodigal_output/predicted_genes/predicted.faa
# Option settings: hmmsearch --domtblout BUSCO/cnambio1/run_bacteria_odb10/hmmer_output/1036075at2.out --cpu 1 /home/sbraganza/projects/geobacillus_pangenome/geobacillus_thermodenitrificans_pangenome/prepped_fasta/busco_downloads/lineages/bacteria_odb10/hmms/1036075at2.hmm BUSCO/cnambio1/prodigal_output/predicted_genes/predicted.faa 
# Current dir:     /home/sbraganza/projects/geobacillus_pangenome/geobacillus_thermodenitrificans_pangenome/prepped_fasta
# Date:            Fri Mar  8 07:38:32 2024
# [ok]
